/*--------------------------------*- C++ -*----------------------------------*\
| =========                 |                                                 |
| \\      /  F ield         | OpenFOAM: The Open Source CFD Toolbox           |
|  \\    /   O peration     | Version:  4.1                                   |
|   \\  /    A nd           | Web:      www.OpenFOAM.org                      |
|    \\/     M anipulation  |                                                 |
\*---------------------------------------------------------------------------*/
FoamFile
{
    version     2.0;
    format      ascii;
    class       vectorField;
    object      points;
}
// * * * * * * * * * * * * * * * * * * * * * * * * * * * * * * * * * * * * * //

(
// min_y
(-0.98 -1.50 0.005)
(-0.98 -1.50 0.020)
(-0.98 -1.50 0.040)
(-0.98 -1.50 0.065)
(-0.98 -1.50 0.100)
(-0.98 -1.50 0.135)
(-0.98 -1.50 0.160)
(-0.98 -1.50 0.180)
(-0.98 -1.50 0.195)
(-0.98 -1.50 0.205)
(-0.98 -1.50 0.220)
(-0.98 -1.50 0.240)
(-0.98 -1.50 0.265)
(-0.98 -1.50 0.300)
(-0.98 -1.50 0.335)
(-0.98 -1.50 0.360)
(-0.98 -1.50 0.380)
(-0.98 -1.50 0.395)
(-0.98 -1.50 0.405)
(-0.98 -1.50 0.420)
(-0.98 -1.50 0.440)
(-0.98 -1.50 0.465)
(-0.98 -1.50 0.500)
(-0.98 -1.50 0.550)
(-0.98 -1.50 0.620)
(-0.98 -1.50 0.710)
(-0.98 -1.50 0.810)
(-0.98 -1.50 0.920)
(-0.98 -1.50 1.040)
(-0.98 -1.50 1.165)
(-0.98 -1.50 1.295)
(-0.98 -1.50 1.430)
(-0.98 -1.50 1.575)
(-0.98 -1.50 1.725)
// max_y
(-0.98 1.50 0.005)
(-0.98 1.50 0.020)
(-0.98 1.50 0.040)
(-0.98 1.50 0.065)
(-0.98 1.50 0.100)
(-0.98 1.50 0.135)
(-0.98 1.50 0.160)
(-0.98 1.50 0.180)
(-0.98 1.50 0.195)
(-0.98 1.50 0.205)
(-0.98 1.50 0.220)
(-0.98 1.50 0.240)
(-0.98 1.50 0.265)
(-0.98 1.50 0.300)
(-0.98 1.50 0.335)
(-0.98 1.50 0.360)
(-0.98 1.50 0.380)
(-0.98 1.50 0.395)
(-0.98 1.50 0.405)
(-0.98 1.50 0.420)
(-0.98 1.50 0.440)
(-0.98 1.50 0.465)
(-0.98 1.50 0.500)
(-0.98 1.50 0.550)
(-0.98 1.50 0.620)
(-0.98 1.50 0.710)
(-0.98 1.50 0.810)
(-0.98 1.50 0.920)
(-0.98 1.50 1.040)
(-0.98 1.50 1.165)
(-0.98 1.50 1.295)
(-0.98 1.50 1.430)
(-0.98 1.50 1.575)
(-0.98 1.50 1.725)
)

// ************************************************************************* //
