1 0.241069 0.265296
2 0.241824 0.265982
3 0.274208 0.293557
4 0.275454 0.294799
5 0.177513 0.210868
6 0.135017 0.162412
7 0.316457 0.334186
8 0.148108 0.202431
9 0.178541 0.245101
10 0.178773 0.245269
11 0.148785 0.20304
12 0.316683 0.334537
13 0.143465 0.169634
14 0.183078 0.215573
15 0.286617 0.314197
16 0.223563 0.267299
17 0.231411 0.263418
18 0.2471 0.348738
19 0.237538 0.369562
20 0.237667 0.369707
21 0.248333 0.349744
22 0.227872 0.260666
23 0.226788 0.270341
24 0.307193 0.334102
25 0.444183 0.493024
26 0.613788 0.685583
27 0.249625 0.345269
28 0.249384 0.345095
29 0.613397 0.685201
30 0.442813 0.492116
31 0.677255 0.709246
32 0.345847 0.404022
33 0.345385 0.40357
34 0.676507 0.708629
35 0.719997 0.743856
36 0.379342 0.421361
37 0.37953 0.42153
38 0.719384 0.743294
39 0.693142 0.7155
40 0.457364 0.488061
41 0.138179 0.169429
42 0.13805 0.169188
43 0.458812 0.489417
44 0.691098 0.713519
45 0.148834 0.196546
46 0.123939 0.168678
47 0.636908 0.659887
48 0.528939 0.554913
49 0.157761 0.196639
50 0.158519 0.197247
51 0.530577 0.556474
52 0.631223 0.654437
53 0.122683 0.166525
54 0.138167 0.18343
55 0.190132 0.258583
56 0.109714 0.198406
57 0.498284 0.530326
58 0.419948 0.459007
59 0.167922 0.225818
60 0.168688 0.226691
61 0.423783 0.462321
62 0.498904 0.529829
63 0.0978539 0.18568
64 0.169927 0.236781
65 0.147845 0.215922
66 0.10003 0.184245
67 0.275508 0.333325
68 0.180996 0.257601
69 0.115998 0.158519
70 0.115692 0.158439
71 0.179951 0.257669
72 0.28229 0.337464
73 0.0867871 0.173623
74 0.12849 0.201236
75 0.330775 0.359299
76 0.330077 0.358273
77 0.295902 0.318477
78 0.295246 0.317724
