/*--------------------------------*- C++ -*----------------------------------*\
| =========                 |                                                 |
| \\      /  F ield         | OpenFOAM: The Open Source CFD Toolbox           |
|  \\    /   O peration     | Version:  4.1                                   |
|   \\  /    A nd           | Web:      www.OpenFOAM.org                      |
|    \\/     M anipulation  |                                                 |
\*---------------------------------------------------------------------------*/
FoamFile
{
    version     2.0;
    format      ascii;
    class       vectorField;
    object      points;
}
// * * * * * * * * * * * * * * * * * * * * * * * * * * * * * * * * * * * * * //

(
 // min_x
(-0.44 -0.55 0)
(-0.44 -0.55 0.0028)
(-0.44 -0.55 0.0072)
(-0.44 -0.55 0.0168)
(-0.44 -0.55 0.0280)
(-0.44 -0.55 0.0400)
(-0.44 -0.55 0.0528)
(-0.44 -0.55 0.0688)
(-0.44 -0.55 0.0848)
(-0.44 -0.55 0.1008)
(-0.44 -0.55 0.1152)
(-0.44 -0.55 0.1272)
(-0.44 -0.55 0.1376)
(-0.44 -0.55 0.1440)
(-0.44 -0.55 0.1488)
(-0.44 -0.55 0.1528)
(-0.44 -0.55 0.1568)
(-0.44 -0.55 0.1632)
(-0.44 -0.55 0.1736)
(-0.44 -0.55 0.1880)
(-0.44 -0.55 0.2040)
(-0.44 -0.55 0.2240)
(-0.44 -0.55 0.2440)
(-0.44 -0.55 0.2640)
(-0.44 -0.55 0.2864)
(-0.44 -0.55 0.3088)
(-0.44 -0.55 0.3408)
(-0.44 -0.55 0.3728)
(-0.44 -0.55 0.4048)
(-0.44 -0.55 0.4528)
(-0.44 -0.55 0.5008)
(-0.44 -0.55 0.5488)
(-0.44 -0.55 0.6128)
(-0.44 -0.55 0.6768)
(-0.44 -0.55 0.7408)
(-0.44 -0.55 0.7888)
(-0.44 -0.55 0.8328)
(-0.44 -0.55 0.8608)
(-0.44 -0.55 0.8808)
(-0.44 -0.55 0.8928)
//max_x
(-0.44  0.55 0)
(-0.44  0.55 0.0028)
(-0.44  0.55 0.0072)
(-0.44  0.55 0.0168)
(-0.44  0.55 0.0280)
(-0.44  0.55 0.0400)
(-0.44  0.55 0.0528)
(-0.44  0.55 0.0688)
(-0.44  0.55 0.0848)
(-0.44  0.55 0.1008)
(-0.44  0.55 0.1152)
(-0.44  0.55 0.1272)
(-0.44  0.55 0.1376)
(-0.44  0.55 0.1440)
(-0.44  0.55 0.1488)
(-0.44  0.55 0.1528)
(-0.44  0.55 0.1568)
(-0.44  0.55 0.1632)
(-0.44  0.55 0.1736)
(-0.44  0.55 0.1880)
(-0.44  0.55 0.2040)
(-0.44  0.55 0.2240)
(-0.44  0.55 0.2440)
(-0.44  0.55 0.2640)
(-0.44  0.55 0.2864)
(-0.44  0.55 0.3088)
(-0.44  0.55 0.3408)
(-0.44  0.55 0.3728)
(-0.44  0.55 0.4048)
(-0.44  0.55 0.4528)
(-0.44  0.55 0.5008)
(-0.44  0.55 0.5488)
(-0.44  0.55 0.6128)
(-0.44  0.55 0.6768)
(-0.44  0.55 0.7408)
(-0.44  0.55 0.7888)
(-0.44  0.55 0.8328)
(-0.44  0.55 0.8608)
(-0.44  0.55 0.8808)
(-0.44  0.55 0.8928)
)

// ************************************************************************* //
