/*--------------------------------*- C++ -*----------------------------------*| =========                 |                                                 |
| \      /  F ield         | OpenFOAM: The Open Source CFD Toolbox           |
|  \    /   O peration     | Version:  2.2.2                                 |
|   \  /    A nd           | Web:      www.OpenFOAM.org                      |
|    \/     M anipulation  |                                                 |
\*---------------------------------------------------------------------------*/
FoamFile
{
    version     2.0;
    format      ascii;
    class       vectorField;
    object      points;
}
// * * * * * * * * * * * * * * * * * * * * * * * * * * * * * * * * * * * * * //

(
// min
(-0.425 0 0)
(-0.425 0 0.004)
(-0.425 0 0.013)
(-0.425 0 0.021)
(-0.425 0 0.031)
(-0.425 0 0.041)
(-0.425 0 0.051)
(-0.425 0 0.061)
(-0.425 0 0.071)
(-0.425 0 0.081)
(-0.425 0 0.093)
(-0.425 0 0.105)
(-0.425 0 0.116)
(-0.425 0 0.127)
(-0.425 0 0.137)
(-0.425 0 0.147)
(-0.425 0 0.157)
(-0.425 0 0.167)
(-0.425 0 0.176)
(-0.425 0 0.185)
(-0.425 0 0.192)
(-0.425 0 0.197)
(-0.425 0 0.202)
(-0.425 0 0.208)
(-0.425 0 0.215)
(-0.425 0 0.223)
(-0.425 0 0.231)
(-0.425 0 0.241)
(-0.425 0 0.251)
(-0.425 0 0.263)
(-0.425 0 0.275)
(-0.425 0 0.289)
(-0.425 0 0.304)
(-0.425 0 0.321)
(-0.425 0 0.34)
(-0.425 0 0.361)
(-0.425 0 0.384)
(-0.425 0 0.411)
(-0.425 0 0.44)
(-0.425 0 0.47)
(-0.425 0 0.502)
(-0.425 0 0.54)
(-0.425 0 0.582)
(-0.425 0 0.627)
(-0.425 0 0.675)
(-0.425 0 0.725)
(-0.425 0 0.775)
(-0.425 0 0.825)
(-0.425 0 0.875)
(-0.425 0 0.93)
(-0.425 0 0.99)
(-0.425 0 1.05)
(-0.425 0 1.11)
(-0.425 0 1.175)
(-0.425 0 1.245)
(-0.425 0 1.315)
(-0.425 0 1.385)
(-0.425 0 1.455)
(-0.425 0 1.525)
(-0.425 0 1.6)
(-0.425 0 1.68)
(-0.425 0 1.76)
(-0.425 0 1.80)
// max
(-0.425 0.9 0)
(-0.425 0.9 0.004)
(-0.425 0.9 0.013)
(-0.425 0.9 0.021)
(-0.425 0.9 0.031)
(-0.425 0.9 0.041)
(-0.425 0.9 0.051)
(-0.425 0.9 0.061)
(-0.425 0.9 0.071)
(-0.425 0.9 0.081)
(-0.425 0.9 0.093)
(-0.425 0.9 0.105)
(-0.425 0.9 0.116)
(-0.425 0.9 0.127)
(-0.425 0.9 0.137)
(-0.425 0.9 0.147)
(-0.425 0.9 0.157)
(-0.425 0.9 0.167)
(-0.425 0.9 0.176)
(-0.425 0.9 0.185)
(-0.425 0.9 0.192)
(-0.425 0.9 0.197)
(-0.425 0.9 0.202)
(-0.425 0.9 0.208)
(-0.425 0.9 0.215)
(-0.425 0.9 0.223)
(-0.425 0.9 0.231)
(-0.425 0.9 0.241)
(-0.425 0.9 0.251)
(-0.425 0.9 0.263)
(-0.425 0.9 0.275)
(-0.425 0.9 0.289)
(-0.425 0.9 0.304)
(-0.425 0.9 0.321)
(-0.425 0.9 0.34)
(-0.425 0.9 0.361)
(-0.425 0.9 0.384)
(-0.425 0.9 0.411)
(-0.425 0.9 0.44)
(-0.425 0.9 0.47)
(-0.425 0.9 0.502)
(-0.425 0.9 0.54)
(-0.425 0.9 0.582)
(-0.425 0.9 0.627)
(-0.425 0.9 0.675)
(-0.425 0.9 0.725)
(-0.425 0.9 0.775)
(-0.425 0.9 0.825)
(-0.425 0.9 0.875)
(-0.425 0.9 0.93)
(-0.425 0.9 0.99)
(-0.425 0.9 1.05)
(-0.425 0.9 1.11)
(-0.425 0.9 1.175)
(-0.425 0.9 1.245)
(-0.425 0.9 1.315)
(-0.425 0.9 1.385)
(-0.425 0.9 1.455)
(-0.425 0.9 1.525)
(-0.425 0.9 1.6)
(-0.425 0.9 1.68)
(-0.425 0.9 1.76)
(-0.425 0.9 1.80)
)

// ************************************************************************* //
