1 0.181796 0.207588
2 0.175898 0.201869
3 0.214928 0.235096
4 0.227601 0.24626
5 0.279403 0.299914
6 0.255634 0.27541
7 0.249668 0.276357
8 0.297026 0.332685
9 0.330697 0.370238
10 0.282488 0.320776
11 0.135848 0.169616
12 0.264376 0.28212
13 0.0715584 0.125362
14 0.0922871 0.14479
15 0.329362 0.353308
16 0.331537 0.35702
17 0.374652 0.424115
18 0.479528 0.543118
19 0.380657 0.461209
20 0.203234 0.314835
21 0.0484362 0.181199
22 0.200549 0.230447
23 0.0976836 0.156094
24 0.126762 0.179047
25 0.533594 0.609303
26 0.811647 0.856681
27 0.43675 0.485155
28 0.150208 0.266834
29 0.397573 0.471952
30 0.333039 0.356998
31 0.814113 0.856149
32 0.237178 0.311999
33 0.425282 0.464867
34 0.481321 0.501059
35 0.856187 0.886726
36 0.241916 0.308584
37 0.545135 0.568092
38 0.565349 0.582888
39 0.7652 0.794489
40 0.269476 0.32032
41 0.224023 0.249939
42 0.175229 0.198071
43 0.71038 0.727386
44 0.601277 0.619439
45 0.167777 0.210688
46 0.0783713 0.135829
47 0.523017 0.566877
48 0.213342 0.29838
49 0.141363 0.18917
50 0.364345 0.395647
51 0.726227 0.745945
52 0.552497 0.574983
53 0.12943 0.17204
54 0.191484 0.230722
55 0.199017 0.264854
56 0.19686 0.259438
57 0.127542 0.239402
58 0.202728 0.252494
59 0.464879 0.489601
60 0.607716 0.631121
61 0.623603 0.650623
62 0.350818 0.393972
63 0.230269 0.284079
64 0.29117 0.347724
65 0.0925478 0.17068
66 0.0585702 0.136317
67 0.172216 0.209932
68 0.366016 0.390313
69 0.52842 0.55785
70 0.48887 0.529182
71 0.31207 0.367262
72 0.285604 0.331915
73 0.334995 0.373224
74 0.254152 0.305885
75 0.196952 0.218836
76 0.29436 0.324306
77 0.171886 0.199983
78 0.219449 0.256425
