23 0.662726
36 0.914562
37 0.914562
58 0.861544
59 0.503672
60 0.914562
62 0.941071
70 0.397636
71 0.808526
72 0.689235
22 0.914562
34 0.503672
35 0.477163
46 0.344618
48 0.636217
49 0.861544
50 0.609708
51 0.914562
52 0.941071
53 0.861544
54 0.914562
55 0.503672
65 0.55669
66 0.503672
67 0.662726
68 0.450654
69 0.371127
74 0.212072
77 0.583199
78 0.424145
79 0.583199
2 0.835035
3 0.609708
4 0.530181
5 0.689235
14 0.782017
15 0.689235
16 0.689235
24 0.715744
25 0.662726
26 0.662726
27 0.371127
28 0.808526
29 0.503672
30 0.888053
38 0.662726
41 0.530181
42 0.636217
43 0.530181
44 0.450654
56 0.861544
57 0.503672
61 0.728999
63 0.397636
64 0.583199
73 0.715744
1 0.238581
6 0.55669
7 0.318109
8 0.185563
9 0.185563
10 0.185563
11 0.609708
12 0.55669
13 0.96758
17 0.344618
18 0.265091
19 0.55669
20 0.344618
21 0.715744
31 0.530181
32 0.503672
33 0.424145
39 0.371127
40 0.689235
45 0.238581
75 0.755508
76 0.636217
80 0.609708
