1 0.222067 0.234148
2 0.202693 0.214237
3 0.214781 0.225048
4 0.234148 0.243551
5 0.36715 0.383597
6 0.36486 0.383514
7 0.308189 0.340599
8 0.335057 0.375328
9 0.305519 0.354271
10 0.229978 0.288175
11 0.156913 0.210556
12 0.172526 0.201808
13 0.254611 0.271613
14 0.286583 0.308908
15 0.431986 0.450853
16 0.46746 0.493568
17 0.412963 0.465419
18 0.446786 0.512782
19 0.367218 0.449425
20 0.23866 0.347368
21 0.143404 0.27047
22 0.0510786 0.163181
23 0.150443 0.204426
24 0.270871 0.3013
25 0.418604 0.498504
26 0.70666 0.744165
27 0.460197 0.482501
28 0.209677 0.257927
29 0.338744 0.395064
30 0.256743 0.312386
31 0.68204 0.729667
32 0.48166 0.503577
33 0.486978 0.503725
34 0.446451 0.478037
35 0.783086 0.812552
36 0.454097 0.467136
37 0.617767 0.626547
38 0.554632 0.576327
39 0.760105 0.785566
40 0.506627 0.529028
41 0.0758685 0.126751
42 0.16021 0.176093
43 0.751153 0.760496
44 0.580629 0.596902
45 0.204549 0.253276
46 0.13989 0.190906
47 0.667774 0.690083
48 0.470039 0.505971
49 0.28307 0.355607
50 0.417466 0.457719
51 0.69878 0.71711
52 0.498995 0.515474
53 0.108091 0.135681
54 0.195797 0.221068
55 0.254518 0.332972
56 0.189698 0.258796
57 0.393266 0.453548
58 0.272994 0.340949
59 0.30711 0.364486
60 0.637579 0.658548
61 0.582022 0.60276
62 0.223424 0.273126
63 0.193976 0.239234
64 0.224882 0.274613
65 0.311405 0.361451
66 0.227348 0.267955
67 0.275142 0.330421
68 0.347661 0.393274
69 0.494076 0.519618
70 0.410766 0.445773
71 0.286492 0.328082
72 0.238928 0.281464
73 0.325504 0.354836
74 0.217197 0.26317
75 0.372152 0.391851
76 0.285001 0.306992
77 0.170802 0.20563
78 0.180161 0.206227
