(-0.075 0 0.0125)
(-0.075 0.025 0.0125)
(-0.075 0.05 0.0125)
(-0.075 0.0755 0.0125)
(-0.075 0.1 0.0125)
(-0.075 0.11 0.0125)
(-0.075 0.1255 0.0125)
(-0.075 0.15 0.0125)
(-0.075 0.175 0.0125)
(-0.075 0.2 0.0125)
(-0.075 0.25 0.0125)
(-0.075 0.3 0.0125)
(-0.075 0.35 0.0125)
(-0.025 0.11 0.0125)
(-0.025 0.1255 0.0125)
(-0.025 0.15 0.0125)
(-0.025 0.175 0.0125)
(-0.025 0.2 0.0125)
(-0.025 0.25 0.0125)
(-0.025 0.3 0.0125)
(-0.025 0.35 0.0125)
(0 0.11 0.0125)
(0 0.1255 0.0125)
(0 0.15 0.0125)
(0 0.175 0.0125)
(0 0.2 0.0125)
(0 0.25 0.0125)
(0 0.3 0.0125)
(0 0.35 0.0125)
(0.025 0.11 0.0125)
(0.025 0.1255 0.0125)
(0.025 0.15 0.0125)
(0.025 0.175 0.0125)
(0.025 0.2 0.0125)
(0.025 0.25 0.0125)
(0.025 0.3 0.0125)
(0.025 0.35 0.0125)
(0.05 0 0.0125)
(0.05 0.025 0.0125)
(0.05 0.05 0.0125)
(0.05 0.0755 0.0125)
(0.05 0.1 0.0125)
(0.05 0.11 0.0125)
(0.05 0.1255 0.0125)
(0.05 0.15 0.0125)
(0.05 0.175 0.0125)
(0.05 0.2 0.0125)
(0.05 0.25 0.0125)
(0.05 0.3 0.0125)
(0.05 0.35 0.0125)
(0.1 0 0.0125)
(0.1 0.025 0.0125)
(0.1 0.05 0.0125)
(0.1 0.0755 0.0125)
(0.1 0.1 0.0125)
(0.1 0.11 0.0125)
(0.1 0.1255 0.0125)
(0.1 0.15 0.0125)
(0.1 0.175 0.0125)
(0.1 0.2 0.0125)
(0.1 0.25 0.0125)
(0.1 0.3 0.0125)
(0.1 0.35 0.0125)
(0.2 0 0.0125)
(0.2 0.025 0.0125)
(0.2 0.05 0.0125)
(0.2 0.0755 0.0125)
(0.2 0.1 0.0125)
(0.2 0.11 0.0125)
(0.2 0.1255 0.0125)
(0.2 0.15 0.0125)
(0.2 0.175 0.0125)
(0.2 0.2 0.0125)
(0.2 0.25 0.0125)
(0.2 0.3 0.0125)
(0.2 0.35 0.0125)
(0.3 0 0.0125)
(0.3 0.025 0.0125)
(0.3 0.05 0.0125)
(0.3 0.0755 0.0125)
(0.3 0.1 0.0125)
(0.3 0.11 0.0125)
(0.3 0.1255 0.0125)
(0.3 0.15 0.0125)
(0.3 0.175 0.0125)
(0.3 0.2 0.0125)
(0.3 0.25 0.0125)
(0.3 0.3 0.0125)
(0.3 0.35 0.0125)
(0.4 0 0.0125)
(0.4 0.025 0.0125)
(0.4 0.05 0.0125)
(0.4 0.0755 0.0125)
(0.4 0.1 0.0125)
(0.4 0.11 0.0125)
(0.4 0.1255 0.0125)
(0.4 0.15 0.0125)
(0.4 0.175 0.0125)
(0.4 0.2 0.0125)
(0.4 0.25 0.0125)
(0.4 0.3 0.0125)
(0.4 0.35 0.0125)
(0.55 0 0.0125)
(0.55 0.025 0.0125)
(0.55 0.05 0.0125)
(0.55 0.0755 0.0125)
(0.55 0.1 0.0125)
(0.55 0.11 0.0125)
(0.55 0.1255 0.0125)
(0.55 0.15 0.0125)
(0.55 0.175 0.0125)
(0.55 0.2 0.0125)
(0.55 0.25 0.0125)
(0.55 0.3 0.0125)
(0.55 0.35 0.0125)
